K_rgb = reshape([5.4160582007539392e+02, 0., 3.2290266631857298e+02, 0., 5.4194368955195159e+02, 2.2604867331010712e+02, 0., 0., 1.],[3 3])';
distortion_rgb = [5.4160582007539392e+02, 0., 3.2290266631857298e+02, 0., 5.4194368955195159e+02, 2.2604867331010712e+02, 0., 0., 1.];
K_depth = reshape([5.9858773076937791e+02, 0., 3.6762785153244664e+02, 0.,6.0119184695769297e+02, 2.0518098229268941e+02, 0., 0., 1.],[3 3])';
distortion_depth = [7.5623865430742288e-02, -8.3587641760689724e-01, -2.0112792811335423e-02, 2.6433867489066461e-02, 2.3098390105403137e+00];
R = reshape([9.9592669783536381e-01, 1.3598145644749780e-03,-9.0156327803976644e-02, 8.6692465506552898e-04, 9.9969564616930828e-01, 2.4654887381034846e-02, 9.0162414455194628e-02, -2.4632619318280254e-02, 9.9562240487301723e-01],[3 3])';
T = [2.4970571960665648e-02, 3.2811414639307632e-03, -5.2846973392397072e-03, 1]';
depth_base_and_offset = [7.98930600e-02, 1.07031287e+03];
